R-squared: 0.039682539682539764
Intercept: 3.6363636363636362
Coefficients: [ 0.07142493  0.08570991 -0.07283942]