R-squared: 0.9362708488922072
Intercept: -16.116504854368948
Coefficients: [-0.17475728  3.45631068  0.89320388 -0.63106796  0.69902913  1.33980583]