R-squared: 0.3370535714285714
Intercept: -555913213020403.4
Coefficients: [-3.21100917e-02 -9.52404386e-02  1.11182643e+14 -2.93096301e-02
 -1.11182643e+14  1.11182643e+14]